OPENBVE15311
#ACCELERATION
1.5,1,5,5,1.251699
2,1.7,23,23,2.936558
2.8,2.4,42,44,4
#PERFORMANCE
7              ; Deceleration
0.35           ; CoefficientOfStaticFriction
0              ; Reserved (not used)
0.0025         ; CoefficientOfRollingResistance
1.2            ; AerodynamicDragCoefficient
#DELAY
0.4,0,0        ; DelayPowerUp
0.2,0,0        ; DelayPowerDown
0.3,0,0,0,0    ; DelayBrakeUp
0.3,0,0,0,0    ; DelayBrakeDown
               ; DelayLocoBrakeUp (1.5.3.4+)
               ; DelayLocoBrakeDown (1.5.3.4+)
#MOVE
120            ; JerkPowerUp
70             ; JerkPowerDown
300            ; JerkBrakeUp
350            ; JerkBrakeDown
300            ; BrakeCylinderUp
350            ; BrakeCylinderDown
#BRAKE
1              ; BrakeType
2              ; BrakeControlSystem
3              ; BrakeControlSpeed
0              ; LocoBrakeType (1.5.3.4+)
#PRESSURE
250            ; BrakeCylinderServiceMaximumPressure
270            ; BrakeCylinderEmergencyMaximumPressure
590            ; MainReservoirMinimumPressure
650            ; MainReservoirMaximumPressure
490            ; BrakePipeNormalPressure
#HANDLE
1              ; HandleType
3              ; PowerNotches
5              ; BrakeNotches
0              ; PowerNotchReduceSteps
0              ; EbHandleBehaviour (1.5.3.3+)
0              ; LocoBrakeNotches (1.5.3.4+)
0              ; LocoBrakeType (1.5.3.4+)
8              ; DriverPowerNotches (1.5.3.11+)
8              ; DriverBrakeNotches (1.5.3.11+)
#CAB
-730           ; X
1780           ; Y
-5100          ; Z
0              ; DriverCar
#CAR
28.5           ; MotorCarMass
4              ; NumberOfMotorCars
21.5           ; TrailerCarMass
2              ; NumberOfTrailerCars
16.8           ; LengthOfACar
1              ; FrontCarIsAMotorCar
2.62           ; WidthOfACar
2.87           ; HeightOfACar
1.5            ; CenterOfGravityHeight
5              ; ExposedFrontalArea
1.6            ; UnexposedFrontalArea
#DEVICE
1              ; Ats
0              ; Atc
0              ; Eb
0              ; ConstSpeed
0              ; HoldBrake
2              ; ReAdhesionDevice
0              ; Reserved (not used)
0              ; PassAlarm
2              ; DoorOpenMode
2              ; DoorCloseMode
1000           ; DoorWidth
0              ; DoorMaxTolerance
#MOTOR_P1
-1,19,183.18
-1,20,183.18
-1,20,183.18
-1,21,128.18
-1,21,128.18
-1,22,128.18
-1,23,128.18
-1,23,128.18
-1,24,128.18
-1,24,128.18
-1,25,128.18
-1,26,128.18
1,26,128.18
1,27,128.18
1,28,128.18
1,28,128.18
1,29,128.18
1,29,128.18
1,30,128.18
1,31,128.18
1,31,128.18
1,32,128.18
1,32,128.18
1,33,128.18
1,34,128.18
1,34,128.18
1,35,129.18
1,35,129.18
1,36,129.18
1,37,129.18
1,37,129.18
1,38,130.18
1,39,130.18
1,39,130.18
1,40,130.18
1,40,130.18
1,41,130.18
1,42,130.18
1,42,130.18
1,43,131.18
1,43,131.18
1,44,131.18
1,45,131.18
1,45,131.18
1,46,131.18
1,46,131.18
1,47,132.18
1,48,132.18
1,48,132.18
1,49,132.18
1,49,132.18
1,50,132.18
3,51,271.51
3,51,271.51
3,52,271.51
3,53,271.51
3,53,271.51
3,54,272.51
3,54,272.51
3,55,272.51
3,56,272.51
3,56,272.51
3,57,272.51
3,57,273.51
3,58,273.51
3,59,273.51
3,59,273.51
3,60,273.51
3,60,274.51
3,61,274.51
3,62,274.51
3,62,274.51
3,63,274.51
3,64,274.51
3,64,275.51
3,65,275.51
3,65,275.51
3,66,275.51
3,67,275.51
3,68,276.51
3,69,276.51
3,70,276.51
3,70,276.51
3,71,276.51
3,72,277.51
3,73,277.51
3,74,277.51
3,75,277.51
3,77,277.51
3,78,277.51
3,80,278.51
3,81,278.51
3,84,278.51
3,85,278.51
3,86,278.51
3,87,279.51
3,88,279.51
3,89,279.51
3,90,279.51
3,90,279.51
3,91,279.51
3,92,280.51
3,93,280.51
3,93,280.51
3,94,280.51
3,94,280.51
3,95,281.51
3,96,253.84
3,96,226.18
3,97,198.51
3,97,170.85
3,98,143.18
3,98,144.18
3,98,144.18
3,99,144.18
3,99,144.18
3,99,144.18
3,100,145.18
3,100,145.18
3,101,145.18
3,101,145.18
3,101,145.18
3,102,145.18
3,102,146.18
3,103,146.18
3,103,146.18
3,103,146.18
3,104,146.18
3,104,147.18
3,104,147.18
3,105,147.18
3,105,147.18
3,106,147.18
3,106,147.18
3,106,148.18
3,107,148.18
3,107,148.18
3,108,148.18
3,108,148.18
3,108,149.18
3,109,149.18
3,109,149.18
3,109,149.18
3,110,149.18
3,110,149.18
3,111,150.18
3,111,150.18
3,111,150.18
3,112,150.18
3,112,150.18
3,112,151.18
3,113,151.18
3,113,151.18
3,114,151.18
3,114,151.18
3,114,152.18
3,115,152.18
3,115,152.18
3,116,152.18
3,116,152.18
3,116,152.18
3,117,153.18
3,117,153.18
3,117,153.18
3,118,153.18
3,118,153.18
3,119,154.18
3,119,154.18
3,119,154.18
3,120,154.18
3,120,154.18
3,121,154.18
3,121,155.18
3,121,155.18
3,122,155.18
3,122,155.18
3,122,155.18
3,123,156.18
3,123,156.18
3,124,156.18
3,124,156.18
3,124,156.18
3,125,156.18
3,125,157.18
3,126,157.18
3,126,157.18
3,126,158.18
3,127,154.89
3,127,151.61
3,127,148.32
3,128,145.03
3,128,141.75
3,129,138.46
3,129,135.17
3,129,131.89
3,129,128.6
3,129,125.31
3,130,122.03
3,130,118.74
3,130,115.45
3,130,112.17
3,130,108.88
3,130,105.59
3,131,102.31
3,131,99.02
3,131,95.73
3,131,92.45
3,131,89.16
3,131,85.87
3,132,82.59
3,132,79.3
3,132,76.01
3,132,72.73
3,132,69.44
3,132,66.15
3,132,62.87
3,133,59.58
3,133,56.29
3,133,53.01
3,133,49.72
3,133,46.43
3,133,43.15
3,134,39.86
3,134,36.57
3,134,33.29
3,134,30
3,134,29
3,134,29
3,134,29
3,135,29
3,135,29
3,135,29
3,135,29
3,135,29
3,135,29
3,136,29
3,136,29
3,136,29
3,136,29
3,136,29
3,136,28
3,136,28
3,137,28
3,137,28
3,137,28
3,137,28
3,137,28
3,137,28
3,138,28
3,138,28
3,138,28
3,138,28
3,138,28
3,138,28
3,139,27
3,139,27
3,139,27
3,139,27
3,139,27
3,139,27
3,139,27
3,140,27
3,140,27
3,140,27
3,140,27
3,140,27
3,140,27
3,141,27
3,141,26
3,141,26
3,141,26
3,141,26
3,141,26
3,142,26
3,142,26
3,142,26
3,142,26
3,142,26
3,142,26
3,142,26
3,143,26
3,143,26
3,143,26
3,143,25
3,143,25
3,143,25
3,144,25
3,144,25
3,144,25
3,144,25
3,144,25
3,144,25
3,144,25
3,144,25
3,144,25
3,144,25
3,144,25
3,144,24
3,144,24
3,144,24
3,144,24
3,144,24
3,144,24
3,144,24
3,144,24
3,144,24
3,144,24
3,144,24
3,145,24
3,145,24
3,145,24
3,145,23
3,145,23
3,145,23
3,145,23
3,145,23
3,145,23
3,145,23
3,145,23
3,145,23
3,145,23
3,145,23
3,145,23
3,145,23
3,145,23
3,145,22
3,145,22
3,145,22
3,145,22
3,145,22
3,145,22
3,145,22
3,145,22
3,145,22
3,145,22
3,145,22
3,145,22
3,145,22
3,145,22
3,145,21
3,145,21
3,145,21
3,145,21
3,146,21
3,146,21
3,146,21
3,146,21
3,146,21
3,146,21
3,146,21
3,146,21
3,146,21
3,146,21
3,146,21
3,146,20
3,146,20
3,146,20
3,146,20
3,146,20
3,146,20
3,146,20
3,146,20
3,146,20
3,146,20
3,146,20
3,146,20
3,146,20
3,146,20
3,146,19
3,146,19
3,146,19
3,146,19
3,146,19
3,146,19
3,146,19
3,146,19
3,146,19
3,146,19
3,146,19
3,146,19
3,147,19
3,147,19
3,147,18
3,147,18
3,147,18
3,147,18
3,147,18
3,147,18
3,147,18
3,147,18
3,147,18
3,147,18
3,147,18
3,147,18
3,147,18
3,147,18
3,147,17
3,147,17
3,147,17
3,147,17
3,147,17
3,147,17
2,147,17
2,147,17
2,147,17
2,147,17
2,147,17
2,147,17
2,147,17
2,147,17
2,147,16
2,147,16
2,147,16
2,147,16
2,147,16
2,147,16
2,147,16
2,147,16
2,147,16
2,147,16
2,148,16
2,148,16
2,148,16
2,148,16
2,148,16
2,148,15
2,148,15
2,148,15
2,148,15
2,148,15
2,148,15
2,148,15
2,148,15
2,148,15
2,148,15
2,148,15
2,148,15
2,148,15
2,148,15
2,148,14
2,148,14
2,148,14
2,148,14
2,148,14
2,148,14
2,148,14
2,148,14
2,148,14
2,148,14
2,148,14
2,148,14
2,148,14
2,148,14
2,148,13
2,148,13
2,148,13
2,148,13
2,148,13
2,148,13
2,148,13
2,148,13
2,148,13
2,148,13
2,148,13
2,148,13
2,148,13
2,148,13
2,148,12
2,148,12
2,148,12
2,148,12
2,148,12
2,148,12
2,148,12
2,148,12
2,148,11
2,148,11
2,148,11
2,148,11
2,148,11
2,149,11
2,149,11
2,149,11
2,149,11
2,149,10
2,149,10
2,149,10
2,149,10
2,149,10
2,149,10
2,149,10
2,149,10
2,149,10
2,149,10
2,149,10
2,149,10
2,149,9
2,149,9
2,149,9
2,149,9
2,149,9
2,149,9
2,149,9
2,149,9
2,149,9
2,149,9
2,149,9
2,149,9
2,149,8
2,149,8
2,149,8
2,149,8
2,149,8
2,149,8
2,149,8
2,149,8
2,149,8
2,149,8
2,149,8
2,149,8
2,149,8
2,149,8
2,149,8
2,149,8
2,149,8
2,149,8
2,149,8
2,149,8
2,149,8
2,149,8
2,149,8
2,149,8
2,149,8
2,149,8
2,149,8
2,149,8
2,149,8
2,149,8
2,149,8
2,149,8
2,150,8
2,150,8
2,150,8
2,150,8
2,150,8
2,150,8
2,150,8
2,150,8
2,150,8
2,150,8
2,150,8
2,150,8
2,150,8
2,150,8
2,150,8
2,150,8
2,150,8
2,150,8
2,150,8
2,150,8
2,150,8
2,150,8
2,150,8
2,150,8
2,150,8
2,150,8
2,150,8
2,150,8
2,150,8
2,150,8
2,150,8
2,150,8
2,150,8
2,150,8
2,150,8
2,150,8
2,150,8
2,150,8
2,150,8
2,150,8
2,150,8
2,150,8
2,150,8
2,150,8
2,150,8
2,150,8
2,150,8
2,150,8
2,150,8
2,150,8
2,150,8
2,150,8
2,150,8
2,150,8
2,150,8
2,150,8
2,150,8
2,150,8
2,150,8
2,150,8
2,151,8
2,151,8
2,151,8
2,151,8
2,151,8
2,151,8
2,151,8
2,151,8
2,151,8
2,151,8
2,151,8
2,151,8
2,151,8
2,151,8
2,151,8
2,151,8
2,151,8
2,151,8
2,151,8
2,151,8
2,151,8
2,151,8
2,151,8
2,152,8
2,152,8
2,152,8
2,152,8
2,152,8
2,152,8
2,152,8
2,152,8
2,152,8
2,152,8
2,152,8
2,152,8
2,152,8
2,152,8
2,152,8
2,152,8
2,152,8
2,152,8
2,152,8
2,152,8
2,152,8
2,152,8
2,152,8
2,152,8
2,152,8
2,152,8
2,152,8
2,152,8
2,152,8
2,152,8
2,152,8
2,152,8
2,152,8
2,152,8
2,152,8
2,152,8
2,152,8
2,152,8
2,152,8
2,152,8
2,152,8
2,152,8
2,152,8
2,152,8
2,152,8
2,152,8
2,152,8
2,152,8
2,152,8
2,152,8
2,152,8
2,152,8
2,152,8
2,152,8
2,152,8
2,152,8
2,152,8
2,152,8
2,152,8
2,152,8
2,152,8
2,152,8
2,152,8
2,152,8
2,152,8
2,152,8
2,152,8
2,152,8
2,152,8
2,152,8
2,152,8
2,152,8
2,152,8
2,152,8
2,152,8
2,152,8
2,152,8
2,152,8
2,152,8
2,152,8
2,152,8
2,152,8
2,152,8
2,152,8
2,152,8
2,152,8
2,152,8
2,152,8
2,152,8
2,152,8
2,152,8
2,152,8
2,152,8
2,152,8
2,152,8
2,152,8
2,152,8
2,152,8
2,152,8
2,152,8
2,152,8
2,152,8
2,152,8
2,152,8
2,152,8
2,152,8
2,152,8
2,152,8
2,152,8
2,152,8
2,152,8
2,152,8
2,152,8
2,152,8
2,152,8
2,152,8
2,152,8
2,152,8
2,152,8
2,152,8
2,152,8
2,152,8
2,152,8
2,152,8
2,152,8
2,152,8
2,152,8
2,152,8
2,152,8
2,152,8
2,152,8
2,152,8
2,152,8
2,152,8
2,152,8
2,152,8
2,152,8
2,152,8
2,152,8
2,152,8
2,152,8
2,152,8
2,152,8
2,152,8
2,152,8
2,152,8
2,152,8
2,152,8
2,152,8
2,152,8
2,152,8
2,152,8
2,152,8
2,152,8
2,152,8
2,152,8
2,152,8
2,152,8
2,152,8
2,152,8
2,152,8
2,152,8
2,152,8
2,152,8
2,152,8
2,152,8
2,152,8
2,152,8
2,152,8
2,152,8
2,152,8
2,152,8
2,152,8
2,152,8
2,152,8
0,160,127
0,178,127
#MOTOR_P2
0,93.56,183.05
0,94.56,183.05
0,94.56,183.05
0,95.56,128.05
0,95.56,128.05
0,96.56,128.05
0,97.56,128.05
0,97.56,128.05
0,98.56,128.05
0,98.56,128.05
0,99.56,128.05
0,100.56,128.05
0,100.56,128.05
0,101.56,128.05
0,102.56,128.05
0,102.56,128.05
0,103.56,128.05
0,103.56,128.05
0,104.56,128.05
0,105.56,128.05
0,105.56,128.05
0,106.56,128.05
0,106.56,128.05
0,107.56,128.05
0,108.56,128.05
0,108.56,128.05
0,109.56,117.85
0,109.56,107.65
0,110.56,97.45
0,111.56,87.25
0,111.56,77.05
0,112.56,66.85
0,113.56,56.65
0,113.56,46.45
0,114.56,36.25
0,114.56,26.05
0,115.56,15.85
0,116.56,15.83
0,116.56,15.82
0,117.56,15.8
0,117.56,15.78
0,118.56,15.77
0,119.56,15.75
0,119.56,15.73
0,120.56,15.72
0,120.56,15.7
0,121.56,15.69
0,122.56,15.67
0,122.56,15.65
0,123.56,15.64
0,123.56,15.62
0,124.56,15.6
0,125.56,15.59
0,125.56,15.57
0,126.56,15.55
0,127.56,15.54
0,127.56,15.52
0,128.56,15.5
0,128.56,15.49
0,129.56,15.47
0,130.56,15.45
0,130.56,15.44
0,131.56,15.42
0,131.56,15.41
0,132.56,15.39
0,133.56,15.37
0,133.56,15.36
0,134.56,15.34
0,134.56,15.32
0,135.56,15.31
0,136.56,15.29
0,136.56,15.28
0,137.56,15.27
0,138.56,15.26
0,138.56,15.25
0,139.56,15.24
0,139.56,15.23
0,140.56,15.22
0,141.56,15.21
0,142.56,15.2
0,143.56,15.19
0,144.56,15.18
0,144.56,15.17
0,145.56,15.16
0,146.56,15.15
0,147.56,15.14
0,148.56,15.13
0,149.56,15.12
0,151.56,15.11
0,152.56,15.1
0,154.56,15.09
0,155.56,15.08
0,158.56,15.07
0,159.56,15.06
0,160.56,15.05
0,161.56,15.04
0,162.56,15.03
0,163.56,15.02
0,164.56,15.01
0,164.56,15
0,165.56,14.99
0,166.56,14.98
0,167.56,14.97
0,167.56,14.96
0,168.56,14.95
0,168.56,14.94
0,169.56,14.93
0,170.56,14.92
0,170.56,14.91
0,171.56,14.9
0,171.56,14.89
0,172.56,14.88
0,172.56,14.87
0,172.56,14.86
0,173.56,14.85
0,173.56,14.84
0,173.56,14.83
0,174.56,14.82
0,174.56,14.81
0,175.56,14.8
0,175.56,14.79
0,175.56,14.78
0,176.56,14.77
0,176.56,14.76
0,177.56,14.75
0,177.56,14.74
0,177.56,14.73
0,178.56,14.72
0,178.56,14.71
0,178.56,14.7
0,179.56,14.69
0,179.56,14.68
0,180.56,14.67
0,180.56,14.66
0,180.56,14.65
0,181.56,14.64
0,181.56,14.63
0,182.56,14.62
0,182.56,14.61
0,182.56,14.6
0,183.56,14.59
0,183.56,14.58
0,183.56,14.57
0,184.56,14.56
0,184.56,14.55
0,185.56,14.54
0,185.56,14.53
0,185.56,14.52
0,186.56,14.51
0,186.56,14.5
0,186.56,14.49
0,187.56,14.48
0,187.56,14.47
0,188.56,14.46
0,188.56,14.45
0,188.56,14.44
0,189.56,14.43
0,189.56,14.42
0,190.56,14.41
0,190.56,14.4
0,190.56,14.39
0,191.56,14.38
0,191.56,14.37
0,191.56,14.36
0,192.56,14.35
0,192.56,14.34
0,193.56,14.33
0,193.56,14.32
0,193.56,14.31
0,194.56,14.3
0,194.56,14.29
0,195.56,14.28
0,195.56,14.27
0,195.56,14.26
0,196.56,14.25
0,196.56,14.24
0,196.56,14.23
0,197.56,14.22
0,197.56,14.21
0,198.56,14.2
0,198.56,14.19
0,198.56,14.18
0,199.56,14.17
0,199.56,14.16
0,200.56,14.15
0,200.56,14.14
0,200.56,14.13
0,201.56,14.12
0,201.56,14.11
0,201.56,14.1
0,202.56,14.09
0,202.56,14.08
0,203.56,14.07
0,184.92,14.06
0,166.28,14.05
0,147.64,14.04
0,129,14.03
0,130,14.02
0,130,14.01
0,130,14
0,130,13.99
0,130,13.98
0,130,13.97
0,131,13.96
0,131,13.95
0,131,13.94
0,131,13.93
0,131,13.92
0,131,13.91
0,132,13.9
0,132,13.89
0,132,13.88
0,132,13.87
0,132,13.86
0,132,13.85
0,132,13.84
0,133,13.83
0,133,13.82
0,133,13.81
0,133,13.8
0,133,13.79
0,133,13.78
0,134,13.77
0,134,13.76
0,134,13.75
0,134,13.74
0,134,13.73
0,134,13.72
0,134,13.71
0,135,13.7
0,135,13.69
0,135,13.68
0,135,13.67
0,135,13.66
0,135,13.65
0,136,13.64
0,136,13.63
0,136,13.62
0,136,13.61
0,136,13.6
0,136,13.59
0,136,13.58
0,137,13.57
0,137,13.56
0,137,13.55
0,137,13.54
0,137,13.53
0,137,13.52
0,138,13.51
0,138,13.5
0,138,13.49
0,138,13.48
0,138,13.46
0,138,13.45
0,139,13.44
0,139,13.43
0,139,13.42
0,139,13.41
0,139,13.4
0,139,13.39
0,139,13.38
0,140,13.37
0,140,13.36
0,140,13.35
0,140,13.34
0,140,13.33
0,140,13.32
0,141,13.31
0,141,13.3
0,141,13.29
0,141,13.28
0,141,13.27
0,141,13.26
0,142,13.25
0,142,13.24
0,142,13.23
0,142,13.22
0,142,13.21
0,142,13.2
0,142,13.19
0,143,13.18
0,143,13.17
0,143,13.16
0,143,13.15
0,143,13.14
0,143,13.13
0,144,13.12
0,144,13.11
0,144,13.1
0,144,13.09
0,144,13.08
0,144,13.07
0,144,13.06
0,144,13.05
0,144,13.04
0,144,13.03
0,144,13.02
0,144,13.01
0,144,13
0,144,12.99
0,144,12.98
0,144,12.97
0,144,12.96
0,144,12.95
0,144,12.94
0,144,12.93
0,144,12.92
0,144,12.91
0,145,12.9
0,145,12.89
0,145,12.88
0,145,12.87
0,145,12.86
0,145,12.85
0,145,12.84
0,145,12.83
0,145,12.82
0,145,12.81
0,145,12.8
0,145,12.79
0,145,12.78
0,145,12.77
0,145,12.76
0,145,12.75
0,145,12.74
0,145,12.73
0,145,12.72
0,145,12.71
0,145,12.7
0,145,12.69
0,145,12.68
0,145,12.67
0,145,12.66
0,145,12.65
0,145,12.64
0,145,12.63
0,145,12.62
0,145,12.61
0,145,12.6
0,145,12.59
0,145,12.58
0,145,12.57
0,145,12.56
0,146,12.55
0,146,12.54
0,146,12.53
0,146,12.52
0,146,12.51
0,146,12.5
0,146,12.49
0,146,12.48
0,146,12.47
0,146,12.46
0,146,12.45
0,146,12.44
0,146,12.43
0,146,12.42
0,146,12.41
0,146,12.4
0,146,12.39
0,146,12.38
0,146,12.37
0,146,12.36
0,146,12.35
0,146,12.34
0,146,12.33
0,146,12.32
0,146,12.31
0,146,12.3
0,146,12.29
0,146,12.28
0,146,12.27
0,146,12.26
0,146,12.25
0,146,12.24
0,146,12.23
0,146,12.22
0,146,12.21
0,146,12.2
0,146,12.19
0,147,12.18
0,147,12.17
0,147,12.16
0,147,12.15
0,147,12.14
0,147,12.13
0,147,12.12
0,147,12.11
0,147,12.1
0,147,12.09
0,147,12.08
0,147,12.07
0,147,12.06
0,147,12.05
0,147,12.04
0,147,12.03
0,147,12.02
0,147,12.01
0,147,12
0,147,11.99
0,147,11.98
0,147,11.97
0,147,11.96
0,147,11.95
0,147,11.94
0,147,11.93
0,147,11.92
0,147,11.91
0,147,11.9
0,147,11.89
0,147,11.88
0,147,11.87
0,147,11.86
0,147,11.85
0,147,11.84
0,147,11.83
0,147,11.82
0,147,11.81
0,147,11.8
0,147,11.79
0,148,11.78
0,148,11.77
0,148,11.76
0,148,11.75
0,148,11.74
0,148,11.73
0,148,11.72
0,148,11.71
0,148,11.7
0,148,11.69
0,148,11.68
0,148,11.67
0,148,11.66
0,148,11.65
0,148,11.64
0,148,11.63
0,148,11.62
0,148,11.61
0,148,11.6
0,148,11.59
0,148,11.58
0,148,11.57
0,148,11.56
0,148,11.55
0,148,11.54
0,148,11.53
0,148,11.52
0,148,11.51
0,148,11.5
0,148,11.49
0,148,11.48
0,148,11.47
0,148,11.46
0,148,11.45
0,148,11.44
0,148,11.43
0,148,11.42
0,148,11.41
0,148,11.4
0,148,11.39
0,148,11.38
0,148,11.37
0,148,11.36
0,148,11.35
0,148,11.34
0,148,11.33
0,148,11.32
0,148,11.31
0,148,11.3
0,148,11.29
0,148,11.28
0,148,11.27
0,148,11.26
0,148,11.25
0,148,11.24
0,148,11.23
0,148,11.22
0,148,11.21
0,148,11.2
0,148,11.19
0,149,11.18
0,149,11.17
0,149,11.16
0,149,11.15
0,149,11.14
0,149,11.13
0,149,11.12
0,149,11.11
0,149,11.1
0,149,11.09
0,149,11.08
0,149,11.07
0,149,11.06
0,149,11.05
0,149,11.04
0,149,11.03
0,149,11.02
0,149,11.01
0,149,11
0,149,10.99
0,149,10.98
0,149,10.97
0,149,10.96
0,149,10.95
0,149,10.94
0,149,10.93
0,149,10.92
0,149,10.91
0,149,10.9
0,149,10.89
0,149,10.88
0,149,10.87
0,149,10.86
0,149,10.85
0,149,10.84
0,149,10.83
0,149,10.82
0,149,10.81
0,149,10.8
0,149,10.79
0,149,10.78
0,149,10.77
0,149,10.76
0,149,10.75
0,149,10.74
0,149,10.73
0,149,10.72
0,149,10.71
0,149,10.7
0,149,10.69
0,149,10.68
0,149,10.67
0,149,10.66
0,149,10.65
0,149,10.64
0,149,10.63
0,149,10.62
0,149,10.61
0,149,10.6
0,149,10.59
0,150,10.58
0,150,10.57
0,150,10.56
0,150,10.55
0,150,10.54
0,150,10.53
0,150,10.52
0,150,10.51
0,150,10.5
0,150,10.49
0,150,10.48
0,150,10.47
0,150,10.46
0,150,10.45
0,150,10.44
0,150,10.43
0,150,10.42
0,150,10.41
0,150,10.4
0,150,10.39
0,150,10.38
0,150,10.37
0,150,10.36
0,150,10.35
0,150,10.34
0,150,10.33
0,150,10.32
0,150,10.31
0,150,10.3
0,150,10.29
0,150,10.28
0,150,10.27
0,150,10.26
0,150,10.25
0,150,10.24
0,150,10.23
0,150,10.22
0,150,10.21
0,150,10.2
0,150,10.19
0,150,10.18
0,150,10.17
0,150,10.16
0,150,10.15
0,150,10.14
0,150,10.13
0,150,10.12
0,150,10.11
0,150,10.1
0,150,10.09
0,150,10.08
0,150,10.07
0,150,10.06
0,150,10.05
0,150,10.04
0,150,10.03
0,150,10.02
0,150,10.01
0,150,10
0,150,9.99
0,151,9.98
0,151,9.97
0,151,9.96
0,151,9.95
0,151,9.94
0,151,9.93
0,151,9.92
0,151,9.91
0,151,9.9
0,151,9.89
0,151,9.88
0,151,9.87
0,151,9.86
0,151,9.85
0,151,9.84
0,151,9.83
0,151,9.81
0,151,9.8
0,151,9.79
0,151,9.78
0,151,9.77
0,151,9.76
0,151,9.75
0,152,9.74
0,152,9.73
0,152,9.72
0,152,9.71
0,152,9.7
0,152,9.69
0,152,9.68
0,152,9.67
0,152,9.66
0,152,9.65
0,152,9.64
0,152,9.63
0,152,9.62
0,152,9.61
0,152,9.6
0,152,9.59
0,152,9.58
0,152,9.57
0,152,9.56
0,152,9.55
0,152,9.54
0,152,9.53
0,152,9.52
0,152,9.51
0,152,9.5
0,152,9.49
0,152,9.48
0,152,9.47
0,152,9.46
0,152,9.45
0,152,9.44
0,152,9.43
0,152,9.42
0,152,9.41
0,152,9.4
0,152,9.39
0,152,9.38
0,152,9.37
0,152,9.36
0,152,9.35
0,152,9.34
0,152,9.33
0,152,9.32
0,152,9.31
0,152,9.3
0,152,9.29
0,152,9.28
0,152,9.27
0,152,9.26
0,152,9.25
0,152,9.24
0,152,9.23
0,152,9.22
0,152,9.21
0,152,9.2
0,152,9.19
0,152,9.18
0,152,9.17
0,152,9.16
0,152,9.15
0,152,9.14
0,152,9.13
0,152,9.12
0,152,9.11
0,152,9.1
0,152,9.09
0,152,9.08
0,152,9.07
0,152,9.06
0,152,9.05
0,152,9.04
0,152,9.03
0,152,9.02
0,152,9.01
0,152,9
0,152,8.99
0,152,8.98
0,152,8.97
0,152,8.96
0,152,8.95
0,152,8.94
0,152,8.93
0,152,8.92
0,152,8.91
0,152,8.9
0,152,8.89
0,152,8.88
0,152,8.87
0,152,8.86
0,152,8.85
0,152,8.84
0,152,8.83
0,152,8.82
0,152,8.81
0,152,8.8
0,152,8.79
0,152,8.78
0,152,8.77
0,152,8.76
0,152,8.75
0,152,8.74
0,152,8.73
0,152,8.72
0,152,8.71
0,152,8.7
0,152,8.69
0,152,8.68
0,152,8.67
0,152,8.66
0,152,8.65
0,152,8.64
0,152,8.63
0,152,8.62
0,152,8.61
0,152,8.6
0,152,8.59
0,152,8.58
0,152,8.57
0,152,8.56
0,152,8.55
0,152,8.54
0,152,8.53
0,152,8.52
0,152,8.51
0,152,8.5
0,152,8.49
0,152,8.48
0,152,8.47
0,152,8.46
0,152,8.45
0,152,8.44
0,152,8.43
0,152,8.42
0,152,8.41
0,152,8.4
0,152,8.39
0,152,8.38
0,152,8.37
0,152,8.36
0,152,8.35
0,152,8.34
0,152,8.33
0,152,8.32
0,152,8.31
0,152,8.3
0,152,8.29
0,152,8.28
0,152,8.27
0,152,8.26
0,152,8.25
0,152,8.24
0,152,8.23
0,152,8.22
0,152,8.21
0,152,8.2
0,152,8.19
0,152,8.18
0,152,8.17
0,152,8.16
0,152,8.15
0,152,8.14
0,152,8.13
0,152,8.12
0,152,8.11
0,152,8.1
0,152,8.09
0,152,8.08
0,152,8.07
0,152,8.06
0,152,8.05
0,152,8.04
0,152,8.03
0,152,8.02
0,152,8.01
0,152,8
0,160,127
0,178,127
#MOTOR_B1
0,81,0
0,81,0
0,82,0
0,82,0
0,82,0
0,83,0
0,83,0
0,83,0
0,83,0
0,84,0
0,84,0
0,84,0
0,85,0
0,85,0
0,85,0
0,86,0
0,86,0
0,86,0
0,86,0
0,87,0
0,87,0
0,87,0
0,88,0
0,88,0
0,88,0
0,89,0
0,89,0
0,89,1
0,89,1
0,90,1
0,90,2
0,90,2
0,91,2
0,91,3
0,91,3
0,92,3
0,92,4
0,92,4
0,92,4
0,93,5
0,93,5
0,93,6
0,94,6
0,94,6
0,94,7
0,95,7
0,95,7
0,95,8
0,95,8
0,96,8
0,96,9
0,96,9
0,97,9
0,97,10
0,97,10
0,98,10
0,98,11
0,98,11
0,98,11
0,99,12
0,99,13
0,99,15
0,100,16
0,100,17
0,100,18
0,100,20
0,100,21
0,100,22
0,100,23
0,100,24
0,100,26
0,100,27
0,100,28
0,100,29
0,100,30
0,100,32
0,100,33
0,100,34
0,100,35
0,100,37
0,100,38
0,100,39
0,100,41
0,100,41
0,100,42
0,100,42
0,100,42
0,100,43
0,100,44
0,100,44
0,100,44
0,100,45
0,100,46
0,100,46
0,100,46
0,100,47
0,100,48
0,100,48
0,100,48
0,100,49
0,100,49
0,100,49
0,100,49
0,100,49
0,100,49
0,100,49
0,100,49
0,100,49
0,100,49
0,100,49
0,100,49
0,100,49
0,100,49
0,100,49
0,100,49
0,100,49
0,100,49
0,100,49
0,100,49
0,100,49
0,100,49
0,100,49
0,100,49
0,100,49
0,100,49
0,100,49
0,100,49
0,100,49
0,100,49
0,100,49
0,100,49
0,100,49
0,100,49
0,100,49
0,100,49
0,100,49
0,100,49
0,100,49
0,100,49
0,100,49
0,100,49
0,100,49
0,100,49
0,100,49
0,100,49
0,100,49
0,100,49
0,100,49
0,100,49
0,100,49
0,100,49
0,100,49
0,100,49
0,100,49
0,100,49
0,100,49
0,100,49
0,100,49
0,100,48
0,100,48
0,100,48
0,100,48
0,100,48
0,100,48
0,100,48
0,100,48
0,100,47
0,100,47
0,100,47
0,100,47
0,100,47
0,100,47
0,100,47
0,100,47
0,100,46
0,100,46
0,100,46
0,100,46
0,100,46
0,100,45
0,100,45
0,100,45
0,100,45
0,100,45
0,100,44
0,100,44
0,100,44
0,100,44
0,100,44
0,100,44
0,100,44
0,100,43
0,100,43
0,100,43
0,100,43
0,100,43
0,100,42
0,100,42
0,100,42
0,100,42
0,100,41
0,100,40
0,100,40
0,100,40
0,100,39
0,100,38
0,100,38
0,100,38
0,100,37
0,100,36
0,100,36
0,100,36
0,100,35
0,100,34
0,100,34
0,100,34
0,100,33
0,100,32
0,100,32
0,100,32
0,100,31
0,100,30
0,100,30
0,100,29
0,100,29
0,100,28
0,100,28
0,100,27
0,100,27
0,100,26
0,100,26
0,100,25
0,100,25
0,100,25
0,100,24
0,100,24
0,100,23
0,100,23
0,100,22
0,100,22
0,100,21
0,100,21
0,100,20
0,100,20
0,100,19
0,100,19
0,100,19
0,100,18
0,100,18
0,100,17
0,100,17
0,100,16
0,100,16
0,100,15
0,100,15
0,100,14
0,100,14
0,100,14
0,100,14
0,100,13
0,100,13
0,100,13
0,100,12
0,100,12
0,100,12
0,100,11
0,100,11
0,100,11
0,100,10
0,100,10
0,100,10
0,100,10
0,100,9
0,100,9
0,100,9
0,100,8
0,100,8
0,100,8
0,100,7
0,100,7
0,100,7
0,100,6
0,100,6
0,100,6
0,100,5
0,100,5
0,100,5
0,100,4
0,100,4
0,100,4
0,100,4
0,100,3
0,100,3
0,100,3
0,100,2
0,100,2
0,100,2
0,100,1
0,100,1
0,100,1
0,100,0
0,100,0
0,100,0
0,100,1
-1,100,127
-1,100,127
-1,100,127
-1,100,127
-1,100,127
-1,100,127
-1,100,127
-1,100,127
-1,100,127
-1,100,127
-1,100,127
-1,100,127
-1,100,127
-1,100,127
-1,100,127
-1,100,127
-1,100,127
-1,100,127
-1,100,127
-1,100,127
-1,100,127
-1,100,127
-1,100,127
-1,100,127
-1,100,127
-1,100,127
-1,100,127
-1,100,127
-1,100,127
-1,100,127
-1,100,127
-1,100,127
-1,100,127
-1,100,127
-1,100,127
-1,100,127
-1,100,127
-1,100,127
-1,100,127
-1,100,127
-1,100,127
-1,100,127
-1,100,127
-1,100,127
-1,100,127
-1,100,127
-1,100,127
-1,100,127
-1,100,127
-1,100,127
-1,100,127
-1,100,127
-1,100,127
-1,100,127
-1,100,127
-1,100,127
-1,100,127
-1,100,127
-1,100,127
-1,100,127
-1,100,127
-1,100,127
-1,100,127
-1,100,127
-1,100,127
-1,100,127
-1,100,127
-1,100,127
-1,100,127
-1,100,127
-1,100,127
-1,100,127
-1,100,127
-1,100,127
-1,100,127
-1,100,127
-1,100,127
-1,100,127
-1,100,127
-1,100,127
-1,100,127
-1,100,127
-1,100,127
-1,100,127
-1,100,127
-1,100,127
-1,100,127
-1,100,127
-1,100,127
-1,100,127
-1,100,127
-1,100,127
-1,100,127
-1,100,127
-1,100,127
-1,100,127
-1,100,127
-1,100,127
-1,100,127
-1,100,127
-1,100,127
-1,100,127
-1,100,127
-1,100,127
-1,100,127
-1,100,127
-1,100,127
-1,100,127
-1,100,127
-1,100,127
-1,100,127
-1,100,127
-1,100,127
-1,100,127
-1,100,127
-1,100,127
-1,100,127
-1,100,127
-1,100,127
-1,100,127
-1,100,127
-1,100,127
-1,100,127
-1,100,127
-1,100,127
-1,100,127
-1,100,127
-1,100,127
-1,100,127
-1,100,127
-1,100,127
-1,100,127
-1,100,127
-1,100,127
-1,100,127
-1,100,127
-1,100,127
-1,100,127
-1,100,127
-1,100,127
-1,100,127
-1,100,127
-1,100,127
-1,100,127
-1,100,127
-1,100,127
-1,100,127
-1,100,127
-1,100,127
-1,100,127
-1,100,127
-1,100,127
-1,100,127
-1,100,127
-1,100,127
-1,100,127
-1,100,127
-1,100,127
-1,100,127
-1,100,127
-1,100,127
-1,100,127
-1,100,127
-1,100,127
-1,100,127
-1,100,127
-1,100,127
-1,100,127
-1,100,127
-1,100,127
-1,100,127
-1,100,127
-1,100,127
-1,100,127
-1,100,127
-1,100,127
-1,100,127
-1,100,127
-1,100,127
-1,100,127
-1,100,127
-1,100,127
-1,100,127
-1,100,127
-1,100,127
-1,100,127
-1,100,127
-1,100,127
-1,100,127
-1,100,127
-1,100,127
-1,100,127
-1,100,127
-1,100,127
-1,100,127
-1,100,127
-1,100,127
-1,100,127
-1,100,127
-1,100,127
-1,100,127
-1,100,127
-1,100,127
-1,100,127
-1,100,127
-1,100,127
-1,100,127
-1,100,127
-1,100,127
-1,100,127
-1,100,127
-1,100,127
-1,100,127
-1,100,127
-1,100,127
-1,100,127
-1,100,127
-1,100,127
-1,100,127
-1,100,127
-1,100,127
-1,100,127
-1,100,127
-1,100,127
-1,100,127
-1,100,127
-1,100,127
-1,100,127
-1,100,127
-1,100,127
-1,100,127
-1,100,127
-1,100,127
-1,100,127
-1,100,127
-1,100,127
-1,100,127
-1,100,127
-1,100,127
-1,100,127
-1,100,127
-1,100,127
-1,100,127
-1,100,127
-1,100,127
-1,100,127
-1,100,127
-1,100,127
-1,100,127
-1,100,127
-1,100,127
-1,100,127
-1,100,127
-1,100,127
-1,100,127
-1,100,127
-1,100,127
-1,100,127
-1,100,127
-1,100,127
-1,100,127
-1,100,127
-1,100,127
-1,100,127
-1,100,127
-1,100,127
-1,100,127
-1,100,127
-1,100,127
-1,100,127
-1,100,127
-1,100,127
-1,100,127
-1,100,127
-1,100,127
-1,100,127
-1,100,127
-1,100,127
-1,100,127
-1,100,127
-1,100,127
-1,100,127
-1,100,127
-1,100,127
-1,100,127
-1,100,127
-1,100,127
-1,100,127
-1,100,127
-1,100,127
-1,100,127
-1,100,127
-1,100,127
-1,100,127
-1,100,127
-1,100,127
-1,100,127
-1,100,127
-1,100,127
-1,100,127
-1,100,127
-1,100,127
-1,100,127
-1,100,127
-1,100,127
-1,100,127
-1,100,127
-1,100,127
-1,100,127
-1,100,127
-1,100,127
-1,100,127
-1,100,127
-1,100,127
-1,100,127
-1,100,127
-1,100,127
-1,100,127
-1,100,127
-1,100,127
-1,100,127
-1,100,127
-1,100,127
-1,100,127
-1,100,127
-1,100,127
-1,100,127
-1,100,127
-1,100,127
-1,100,127
-1,100,127
-1,100,127
-1,100,127
-1,100,127
-1,100,127
-1,100,127
-1,100,127
-1,100,127
-1,100,127
-1,100,127
-1,100,127
-1,100,127
-1,100,127
-1,100,127
-1,100,127
-1,100,127
-1,100,127
-1,100,127
-1,100,127
-1,100,127
-1,100,127
-1,100,127
-1,100,127
-1,100,127
-1,100,127
-1,100,127
-1,100,127
-1,100,127
-1,100,127
-1,100,127
-1,100,127
-1,100,127
-1,100,127
-1,100,127
-1,100,127
-1,100,127
-1,100,127
-1,100,127
-1,100,127
-1,100,127
-1,100,127
-1,100,127
-1,100,127
-1,100,127
-1,100,127
-1,100,127
-1,100,127
-1,100,127
-1,100,127
-1,100,127
-1,100,127
-1,100,127
-1,100,127
-1,100,127
-1,100,127
-1,100,127
-1,100,127
-1,100,127
-1,100,127
-1,100,127
-1,100,127
-1,100,127
-1,100,127
-1,100,127
-1,100,127
-1,100,127
-1,100,127
-1,100,127
-1,100,127
-1,100,127
-1,100,127
-1,100,127
-1,100,127
-1,100,127
-1,100,127
-1,100,127
-1,100,127
-1,100,127
-1,100,127
-1,100,127
-1,100,127
-1,100,127
-1,100,127
-1,100,127
-1,100,127
-1,100,127
-1,100,127
-1,100,127
-1,100,127
-1,100,127
-1,100,127
-1,100,127
-1,100,127
-1,100,127
-1,100,127
-1,100,127
-1,100,127
-1,100,127
-1,100,127
-1,100,127
-1,100,127
-1,100,127
-1,100,127
-1,100,127
-1,100,127
-1,100,127
-1,100,127
-1,100,127
-1,100,127
-1,100,127
-1,100,127
-1,100,127
-1,100,127
-1,100,127
-1,100,127
-1,100,127
-1,100,127
-1,100,127
-1,100,127
-1,100,127
-1,100,127
-1,100,127
-1,100,127
-1,100,127
-1,100,127
-1,100,127
-1,100,127
-1,100,127
-1,100,127
-1,100,127
-1,100,127
-1,100,127
-1,100,127
-1,100,127
-1,100,127
-1,100,127
-1,100,127
-1,100,127
-1,100,127
-1,100,127
-1,100,127
-1,100,127
-1,100,127
-1,100,127
-1,100,127
-1,100,127
-1,100,127
-1,100,127
-1,100,127
-1,100,127
-1,100,127
-1,100,127
-1,100,127
-1,100,127
-1,100,127
-1,100,127
-1,100,127
-1,100,127
-1,100,127
-1,100,127
-1,100,127
-1,100,127
0,100,127
0,100,127
0,100,127
0,100,127
#MOTOR_B2
5,99.84,323.62
5,99.84,323.62
5,99.84,323.62
5,99.84,268.62
5,99.84,268.62
5,99.84,268.62
5,99.84,268.62
5,99.84,268.62
5,99.84,268.62
5,99.84,268.62
5,99.84,268.62
5,99.84,268.62
5,99.84,268.62
5,99.84,268.62
5,99.84,268.62
5,99.84,268.62
5,99.84,268.62
5,99.84,268.62
5,99.84,268.62
5,99.84,268.62
5,99.84,268.62
5,99.84,268.62
5,99.84,268.62
5,99.84,268.62
5,99.84,268.62
5,99.84,268.62
5,99.84,269.62
5,99.84,269.62
5,99.84,269.62
5,99.84,269.62
5,99.84,269.62
5,99.84,270.62
5,99.84,270.62
5,99.84,270.62
5,99.84,270.62
5,99.84,270.62
5,99.84,270.62
5,99.84,270.62
5,99.84,270.62
5,99.84,271.62
5,99.84,271.62
5,99.84,271.62
5,99.84,271.62
5,99.84,271.62
5,99.84,271.62
5,99.84,271.62
5,99.84,272.62
5,99.84,272.62
5,99.84,272.62
5,99.84,272.62
5,99.84,272.62
5,99.84,272.62
3,51,271.51
3,51,271.51
3,52,271.51
3,53,271.51
3,53,271.51
3,54,272.51
3,54,272.51
3,55,272.51
3,56,272.51
3,56,272.51
3,57,272.51
3,57,273.51
3,58,273.51
3,59,273.51
3,59,273.51
3,60,273.51
3,60,274.51
3,61,274.51
3,62,274.51
3,62,274.51
3,63,274.51
3,64,274.51
3,64,275.51
3,65,275.51
3,65,275.51
3,66,275.51
3,67,275.51
3,68,276.51
3,69,276.51
3,70,276.51
3,70,276.51
3,71,276.51
3,72,277.51
3,73,277.51
3,74,277.51
3,75,277.51
3,77,277.51
3,78,277.51
3,80,278.51
3,81,278.51
3,84,278.51
3,85,278.51
3,86,278.51
3,87,279.51
3,88,279.51
3,89,279.51
3,90,279.51
3,90,279.51
3,91,279.51
3,92,280.51
3,93,280.51
3,93,280.51
3,94,280.51
3,94,280.51
3,95,281.51
3,96,253.84
3,96,226.18
3,97,198.51
3,97,170.85
3,98,143.18
3,98,144.18
3,98,144.18
3,99,144.18
3,99,144.18
3,99,144.18
3,100,145.18
3,100,145.18
3,101,145.18
3,101,145.18
3,101,145.18
3,102,145.18
3,102,146.18
3,103,146.18
3,103,146.18
3,103,146.18
3,104,146.18
3,104,147.18
3,104,147.18
3,105,147.18
3,105,147.18
3,106,147.18
3,106,147.18
3,106,148.18
3,107,148.18
3,107,148.18
3,108,148.18
3,108,148.18
3,108,149.18
3,109,149.18
3,109,149.18
3,109,149.18
3,110,149.18
3,110,149.18
3,111,150.18
3,111,150.18
3,111,150.18
3,112,150.18
3,112,150.18
3,112,151.18
3,113,151.18
3,113,151.18
3,114,151.18
3,114,151.18
3,114,152.18
3,115,152.18
3,115,152.18
3,116,152.18
3,116,152.18
3,116,152.18
3,117,153.18
3,117,153.18
3,117,153.18
3,118,153.18
3,118,153.18
3,119,154.18
3,119,154.18
3,119,154.18
3,120,154.18
3,120,154.18
3,121,154.18
3,121,155.18
3,121,155.18
3,122,155.18
3,122,155.18
3,122,155.18
3,123,156.18
3,123,156.18
3,124,156.18
3,124,156.18
3,124,156.18
3,125,156.18
3,125,157.18
3,126,157.18
3,126,157.18
3,126,158.18
3,127,154.89
3,127,151.61
3,127,148.32
3,128,145.03
3,128,141.75
3,129,138.46
3,129,135.17
3,129,131.89
3,129,128.6
3,129,125.31
3,130,122.03
3,130,118.74
3,130,115.45
3,130,112.17
3,130,108.88
3,130,105.59
3,131,102.31
3,131,99.02
3,131,95.73
3,131,92.45
3,131,89.16
3,131,85.87
3,132,82.59
3,132,79.3
3,132,76.01
3,132,72.73
3,132,69.44
3,132,66.15
3,132,62.87
3,133,59.58
3,133,56.29
3,133,53.01
3,133,49.72
3,133,46.43
3,133,43.15
3,134,39.86
3,134,36.57
3,134,33.29
3,134,30
3,134,29
3,134,29
3,134,29
3,135,29
3,135,29
3,135,29
3,135,29
3,135,29
3,135,29
3,136,29
3,136,29
3,136,29
3,136,29
3,136,29
3,136,28
3,136,28
3,137,28
3,137,28
3,137,28
3,137,28
3,137,28
3,137,28
3,138,28
3,138,28
3,138,28
3,138,28
3,138,28
3,138,28
3,139,27
3,139,27
3,139,27
3,139,27
3,139,27
3,139,27
3,139,27
3,140,27
3,140,27
3,140,27
3,140,27
3,140,27
3,140,27
3,141,27
3,141,26
3,141,26
3,141,26
3,141,26
3,141,26
3,142,26
3,142,26
3,142,26
3,142,26
3,142,26
3,142,26
3,142,26
3,143,26
3,143,26
3,143,26
3,143,25
3,143,25
3,143,25
3,144,25
3,144,25
3,144,25
3,144,25
3,144,25
3,144,25
3,144,25
3,144,25
3,144,25
3,144,25
3,144,25
3,144,24
3,144,24
3,144,24
3,144,24
3,144,24
3,144,24
3,144,24
3,144,24
3,144,24
3,144,24
3,144,24
3,145,24
3,145,24
3,145,24
3,145,23
3,145,23
3,145,23
3,145,23
3,145,23
3,145,23
3,145,23
3,145,23
3,145,23
3,145,23
3,145,23
3,145,23
3,145,23
3,145,23
3,145,22
3,145,22
3,145,22
3,145,22
3,145,22
3,145,22
3,145,22
3,145,22
3,145,22
3,145,22
3,145,22
3,145,22
3,145,22
3,145,22
3,145,21
3,145,21
3,145,21
3,145,21
3,146,21
3,146,21
3,146,21
3,146,21
3,146,21
3,146,21
3,146,21
3,146,21
3,146,21
3,146,21
3,146,21
3,146,20
3,146,20
3,146,20
3,146,20
3,146,20
3,146,20
3,146,20
3,146,20
3,146,20
3,146,20
3,146,20
3,146,20
3,146,20
3,146,20
3,146,19
3,146,19
3,146,19
3,146,19
3,146,19
3,146,19
3,146,19
3,146,19
3,146,19
3,146,19
3,146,19
3,146,19
3,147,19
3,147,19
3,147,18
3,147,18
3,147,18
3,147,18
3,147,18
3,147,18
3,147,18
3,147,18
3,147,18
3,147,18
3,147,18
3,147,18
3,147,18
3,147,18
3,147,17
3,147,17
3,147,17
3,147,17
3,147,17
3,147,17
2,147,17
2,147,17
2,147,17
2,147,17
2,147,17
2,147,17
2,147,17
2,147,17
2,147,16
2,147,16
2,147,16
2,147,16
2,147,16
2,147,16
2,147,16
2,147,16
2,147,16
2,147,16
2,148,16
2,148,16
2,148,16
2,148,16
2,148,16
2,148,15
2,148,15
2,148,15
2,148,15
2,148,15
2,148,15
2,148,15
2,148,15
2,148,15
2,148,15
2,148,15
2,148,15
2,148,15
2,148,15
2,148,14
2,148,14
2,148,14
2,148,14
2,148,14
2,148,14
2,148,14
2,148,14
2,148,14
2,148,14
2,148,14
2,148,14
2,148,14
2,148,14
2,148,13
2,148,13
2,148,13
2,148,13
2,148,13
2,148,13
2,148,13
2,148,13
2,148,13
2,148,13
2,148,13
2,148,13
2,148,13
2,148,13
2,148,12
2,148,12
2,148,12
2,148,12
2,148,12
2,148,12
2,148,12
2,148,12
2,148,11
2,148,11
2,148,11
2,148,11
2,148,11
2,149,11
2,149,11
2,149,11
2,149,11
2,149,10
2,149,10
2,149,10
2,149,10
2,149,10
2,149,10
2,149,10
2,149,10
2,149,10
2,149,10
2,149,10
2,149,10
2,149,9
2,149,9
2,149,9
2,149,9
2,149,9
2,149,9
2,149,9
2,149,9
2,149,9
2,149,9
2,149,9
2,149,9
2,149,8
2,149,8
2,149,8
2,149,8
2,149,8
2,149,8
2,149,8
2,149,8
2,149,8
2,149,8
2,149,8
2,149,8
2,149,8
2,149,8
2,149,8
2,149,8
2,149,8
2,149,8
2,149,8
2,149,8
2,149,8
2,149,8
2,149,8
2,149,8
2,149,8
2,149,8
2,149,8
2,149,8
2,149,8
2,149,8
2,149,8
2,149,8
2,150,8
2,150,8
2,150,8
2,150,8
2,150,8
2,150,8
2,150,8
2,150,8
2,150,8
2,150,8
2,150,8
2,150,8
2,150,8
2,150,8
2,150,8
2,150,8
2,150,8
2,150,8
2,150,8
2,150,8
2,150,8
2,150,8
2,150,8
2,150,8
2,150,8
2,150,8
2,150,8
2,150,8
2,150,8
2,150,8
2,150,8
2,150,8
2,150,8
2,150,8
2,150,8
2,150,8
2,150,8
2,150,8
2,150,8
2,150,8
2,150,8
2,150,8
2,150,8
2,150,8
2,150,8
2,150,8
2,150,8
2,150,8
2,150,8
2,150,8
2,150,8
2,150,8
2,150,8
2,150,8
2,150,8
2,150,8
2,150,8
2,150,8
2,150,8
2,150,8
2,151,8
2,151,8
2,151,8
2,151,8
2,151,8
2,151,8
2,151,8
2,151,8
2,151,8
2,151,8
2,151,8
2,151,8
2,151,8
2,151,8
2,151,8
2,151,8
2,151,8
2,151,8
2,151,8
2,151,8
2,151,8
2,151,8
2,151,8
2,152,8
2,152,8
2,152,8
2,152,8
2,152,8
2,152,8
2,152,8
2,152,8
2,152,8
2,152,8
2,152,8
2,152,8
2,152,8
2,152,8
2,152,8
2,152,8
2,152,8
2,152,8
2,152,8
2,152,8
2,152,8
2,152,8
2,152,8
2,152,8
2,152,8
2,152,8
2,152,8
2,152,8
2,152,8
2,152,8
2,152,8
2,152,8
2,152,8
2,152,8
2,152,8
2,152,8
2,152,8
2,152,8
2,152,8
2,152,8
2,152,8
2,152,8
2,152,8
2,152,8
2,152,8
2,152,8
2,152,8
2,152,8
2,152,8
2,152,8
2,152,8
2,152,8
2,152,8
2,152,8
2,152,8
2,152,8
2,152,8
2,152,8
2,152,8
2,152,8
2,152,8
2,152,8
2,152,8
2,152,8
2,152,8
2,152,8
2,152,8
2,152,8
2,152,8
2,152,8
2,152,8
2,152,8
2,152,8
2,152,8
2,152,8
2,152,8
2,152,8
2,152,8
2,152,8
2,152,8
2,152,8
2,152,8
2,152,8
2,152,8
2,152,8
2,152,8
2,152,8
2,152,8
2,152,8
2,152,8
2,152,8
2,152,8
2,152,8
2,152,8
2,152,8
2,152,8
2,152,8
2,152,8
2,152,8
2,152,8
2,152,8
2,152,8
2,152,8
2,152,8
2,152,8
2,152,8
2,152,8
2,152,8
2,152,8
2,152,8
2,152,8
2,152,8
2,152,8
2,152,8
2,152,8
2,152,8
2,152,8
2,152,8
2,152,8
2,152,8
2,152,8
2,152,8
2,152,8
2,152,8
2,152,8
2,152,8
2,152,8
2,152,8
2,152,8
2,152,8
2,152,8
2,152,8
2,152,8
2,152,8
2,152,8
2,152,8
2,152,8
2,152,8
2,152,8
2,152,8
2,152,8
2,152,8
2,152,8
2,152,8
2,152,8
2,152,8
2,152,8
2,152,8
2,152,8
2,152,8
2,152,8
2,152,8
2,152,8
2,152,8
2,152,8
2,152,8
2,152,8
2,152,8
2,152,8
2,152,8
2,152,8
2,152,8
2,152,8
2,152,8
2,152,8
2,152,8
2,152,8
2,152,8
2,152,8
2,152,8
2,152,8
2,152,8
2,152,8
2,152,8
2,152,8
0,160,127
0,178,127
